0 0.694379
1 -2.959681
2 -2.776903
3 -2.589113
4 -2.425973
5 -2.232197
6 -2.068218
7 -1.904225
8 -1.744785
9 -1.604821
10 -4.589956
11 -4.260092
12 -3.928471
13 -3.595206
14 -3.260412
15 -2.924199
16 -0.276193
17 -0.153886
18 -0.026686
19 -1.567468
20 -1.225888
21 -0.883582
22 -0.540662
23 -0.197249
24 0.146545
25 0.490600
26 0.834803
27 1.007720
28 1.121968
29 1.237384
30 1.361438
31 2.553922
32 2.896551
33 3.238512
34 3.579687
35 3.919962
36 4.259222
37 4.597349
38 2.574476
39 2.713450
40 2.853579
41 3.003080
42 3.148817
43 3.290857
44 3.446359
45 3.591965
46 3.742241
47 3.889248
48 4.049044
49 4.209895
50 4.368948
51 4.531582
52 4.696549
53 4.865490
54 5.037040
55 5.201336
56 5.383141
57 5.583914
58 5.761642
59 5.940146
60 6.142253
61 6.363752
62 6.473398
63 6.417759
64 6.381095
65 6.341879
66 6.331330
67 6.322772
68 6.307701
69 6.242137
70 6.213495
71 6.200288
72 6.169444
73 6.160242
74 6.153853
75 6.142994
76 6.151145
77 6.126592
78 6.119008
79 6.140130
80 6.117198
81 6.095932
82 6.087816
83 6.104819
84 6.067612
85 6.058635
86 6.020412
87 6.031929
88 6.017268
89 6.017872
90 6.034219
91 6.030170
92 6.017626
93 6.008854
94 6.013343
95 5.996987
96 5.959486
97 5.976500
98 5.969453
99 5.954010
100 5.975008
101 5.991075
102 5.973102
103 5.956423
104 5.967089
105 5.949975
106 5.944079
107 5.946227
108 5.927009
109 5.922418
110 5.925953
111 5.924512
112 5.921375
113 5.923103
114 5.916579
115 5.928013
116 5.911553
117 5.903225
118 5.912758
119 5.897762
120 5.881096
121 5.872463
122 5.855669
123 5.853247
124 5.845833
125 5.855728
126 5.844660
127 5.879042
128 5.851589
129 5.834921
130 5.838095
131 5.814573
132 5.801474
133 5.816703
134 5.826479
135 5.795068
136 5.809135
137 5.794195
138 5.797362
139 5.780687
140 5.756039
141 5.771382
142 5.750229
143 5.732165
144 5.738686
145 5.728548
146 5.731322
147 5.738503
148 5.736858
149 5.739230
150 5.737743
151 5.754439
152 5.708516
153 5.709653
154 5.678280
155 5.480914
156 5.326551
157 5.186536
158 5.023528
159 4.866535
160 4.672083
161 4.531610
162 4.396421
163 4.266306
164 4.131707
165 4.009513
166 3.879443
167 3.768083
168 3.652306
169 3.539091
170 3.437695
171 3.318432
172 3.205074
173 3.104187
174 3.006449
175 2.890962
176 2.792152
177 2.695114
178 2.589648
179 2.503722
180 2.419387
181 2.323057
182 2.229303
183 2.139478
184 2.038232
185 1.951808
186 1.865925
187 1.774480
188 1.685541
189 1.599561
190 1.511089
191 1.423376
192 1.338530
193 1.252245
194 1.167043
195 1.083519
196 0.999115
197 0.914573
198 0.830155
199 0.745762
200 0.660871
201 0.576446
202 0.492137
203 0.407974
204 0.322279
205 0.236308
206 0.149546
207 0.064265
208 -0.019632
209 -0.105383
210 -0.192703
211 -0.279391
212 -0.364341
213 -0.462488
214 -0.548822
215 -0.645723
216 -0.731159
217 -0.821003
218 -0.912174
219 -1.017775
220 -1.116602
221 -1.203393
222 -1.305869
223 -1.401527
224 -1.503637
225 -1.614410
226 -1.716173
227 -1.854521
228 7.058636
229 -0.247977
230 -0.235246
231 -0.203512
232 -0.218676
233 -0.154635
234 -0.153334
235 -0.145531
236 -0.143594
237 -0.194495
238 -10.378666
239 -10.477086
240 -10.569419
241 -10.655633
242 -10.735696
243 -10.809584
244 1.220342
245 1.238158
246 1.297257
247 -11.042904
248 -11.085579
249 -11.121958
250 -11.152031
251 -11.175785
252 -11.193217
253 -11.204315
254 -11.209081
255 1.232257
256 1.264416
257 1.252778
258 1.125454
259 -11.137897
260 -11.104695
261 -11.065191
262 -11.019399
263 -10.967335
264 -10.909016
265 -10.844463
266 -0.032475
267 -0.003966
268 0.020758
269 0.013337
270 0.024623
271 0.051255
272 0.040196
273 0.063233
274 0.076848
275 0.102625
276 0.101095
277 0.102965
278 0.114215
279 0.122942
280 0.132256
281 0.139385
282 0.147398
283 0.173418
284 0.175004
285 0.153138
286 0.174528
287 0.199997
288 0.197566
289 0.176447
290 0.309009
291 0.645232
292 0.941612
293 1.226813
294 1.466790
295 1.694607
296 1.920025
297 2.186973
298 2.406289
299 2.602648
300 2.807687
301 2.986367
302 3.156814
303 3.325475
304 3.474256
305 3.643361
306 3.794966
307 3.922744
308 4.077065
309 4.225810
310 4.362399
311 4.481092
312 4.628057
313 4.755651
314 4.895331
315 5.006840
316 5.128927
317 5.241673
318 5.346017
319 5.457479
320 5.570375
321 5.679911
322 5.783251
323 5.892056
324 6.005245
325 6.100840
326 6.202240
327 6.304413
328 6.397245
329 6.491085
330 6.590902
331 6.689200
332 6.782469
333 6.879032
334 6.973376
335 7.066466
336 7.160757
337 7.253416
338 7.345506
339 7.437681
340 7.529754
341 7.621864
342 7.713759
343 7.806695
344 7.897995
345 7.989777
346 8.083709
347 8.175035
348 8.266008
349 8.358298
350 8.449282
351 8.543364
352 8.636935
353 8.735401
354 8.829455
355 8.937300
356 9.028306
357 9.122928
358 9.225092
359 9.318740
360 9.416924
361 9.527843
362 9.638654
363 9.732686
364 9.849095
365 9.953456
366 10.068793
367 10.175554
368 10.279291
369 10.408389
370 10.518074
371 10.631548
372 10.763809
373 10.887894
374 11.024355
375 11.168024
376 11.309059
377 11.457518
378 11.607336
379 11.778015
380 11.897353
381 12.064025
382 12.204494
383 12.178372
384 12.189700
385 12.211564
386 12.202667
387 12.194426
388 12.133541
389 12.131874
390 12.131884
391 12.133837
392 12.124501
393 12.128192
394 12.115154
395 12.126880
396 12.127606
397 12.128516
398 12.147048
399 12.128455
400 12.115896
401 12.124498
402 12.136950
403 12.105139
404 12.107162
405 12.110185
406 12.086537
407 12.113359
408 12.144822
409 12.137054
410 12.133643
411 12.141061
412 12.098921
413 12.112290
414 12.127257
415 12.111592
416 12.103852
417 12.110642
418 12.096306
419 12.080287
420 12.085479
421 12.069470
422 12.058402
423 12.078542
424 12.084026
425 12.081396
426 12.077210
427 12.074751
428 12.080566
429 12.074991
430 12.067863
431 12.059184
432 12.061970
433 12.063144
434 12.065932
435 12.057397
436 12.040844
437 12.032350
438 12.028609
439 12.020017
440 12.003454
441 12.029232
442 12.012348
443 12.024827
444 12.001372
445 11.988544
446 11.976965
447 11.996696
448 11.996106
449 11.966720
450 11.967971
451 11.952402
452 11.946346
453 11.952292
454 11.938721
455 11.981503
456 0.000000
457 0.000000
458 0.000000
459 0.000000
460 0.000000
461 0.000000
462 0.000000
463 0.000000
464 0.000000
465 0.000000
466 0.000000
467 0.000000
468 0.000000
469 0.000000
470 0.000000
471 0.000000
472 0.000000
473 0.000000
474 0.000000
475 0.000000
476 0.000000
477 0.000000
478 0.000000
479 0.000000
480 0.000000
481 0.000000
482 0.000000
483 0.000000
484 0.000000
485 0.000000
486 0.000000
487 0.000000
488 0.000000
489 0.000000
490 0.000000
491 0.000000
492 0.000000
493 0.000000
494 0.000000
495 0.000000
496 0.000000
497 0.000000
498 0.000000
499 0.000000
