0 -0.246852
1 -2.440993
2 -2.351683
3 -2.249031
4 -2.159303
5 -2.041445
6 -1.934406
7 -1.839489
8 -1.752918
9 -4.495570
10 -4.261662
11 -4.026313
12 -3.789601
13 -3.551607
14 -3.312413
15 -3.072098
16 -2.830746
17 -2.588435
18 -2.345251
19 -2.101273
20 -1.856587
21 -1.611272
22 -1.365414
23 -1.119097
24 -0.872401
25 -0.625414
26 -0.523730
27 -0.179555
28 0.164681
29 0.508859
30 0.852860
31 0.857988
32 1.104683
33 1.351004
34 1.596863
35 1.551048
36 1.741872
37 1.945647
38 2.268469
39 2.482090
40 3.057713
41 3.298032
42 3.537232
43 3.775230
44 4.011949
45 4.247304
46 4.481219
47 4.166223
48 4.343660
49 4.561418
50 5.400886
51 5.626416
52 5.850037
53 6.071673
54 2.393517
55 2.493882
56 2.579774
57 2.702292
58 2.807162
59 2.932179
60 3.034605
61 3.131407
62 3.272697
63 3.372011
64 3.513928
65 3.607351
66 3.762030
67 3.818329
68 3.896820
69 4.116962
70 1.591433
71 1.620761
72 4.604745
73 2.299339
74 4.968399
75 5.094864
76 5.279841
77 2.069992
78 2.033557
79 2.069239
80 6.221253
81 6.291172
82 6.292364
83 6.225307
84 6.246355
85 6.227072
86 6.189457
87 6.194407
88 6.184429
89 6.156276
90 6.163538
91 6.131736
92 6.117877
93 6.137812
94 6.130636
95 6.126935
96 6.129984
97 6.111694
98 6.090741
99 6.098918
100 6.108003
101 6.089220
102 6.074438
103 6.066990
104 6.067001
105 6.064836
106 6.060511
107 6.057299
108 6.038898
109 6.054351
110 6.064490
111 6.013557
112 6.006443
113 5.997284
114 5.999213
115 5.995826
116 6.003506
117 5.986223
118 5.953873
119 5.952181
120 5.945177
121 5.936124
122 5.928256
123 5.902198
124 5.883818
125 5.885810
126 5.869667
127 5.864124
128 5.859529
129 5.836997
130 5.843562
131 5.847658
132 5.809230
133 5.829979
134 5.811455
135 5.805651
136 5.779331
137 5.786241
138 5.784329
139 5.765001
140 5.743045
141 5.741244
142 5.725020
143 5.728170
144 5.705805
145 5.726735
146 5.687045
147 5.713577
148 5.698831
149 5.682983
150 5.716738
151 5.672426
152 5.713587
153 5.712221
154 5.708206
155 5.715408
156 5.689196
157 5.691949
158 5.697317
159 5.676530
160 5.634984
161 5.633737
162 5.612897
163 5.642502
164 5.641060
165 5.457717
166 5.225158
167 5.017006
168 4.815993
169 4.621767
170 4.422582
171 4.230184
172 4.038115
173 3.873026
174 3.680005
175 3.489549
176 3.326497
177 3.155363
178 2.988110
179 2.817669
180 2.670644
181 2.512065
182 2.343885
183 2.196113
184 2.039946
185 1.885069
186 1.738832
187 1.592829
188 1.441616
189 1.298425
190 1.153793
191 1.006150
192 0.862191
193 0.720886
194 0.578188
195 0.436949
196 0.296545
197 0.157015
198 0.016996
199 -0.122247
200 -0.261349
201 -0.401560
202 -0.539708
203 -0.679112
204 -0.820639
205 -0.962849
206 -1.102868
207 -1.241692
208 -1.383049
209 -1.527133
210 -1.675311
211 -1.814596
212 -1.957516
213 -2.107554
214 -2.255679
215 -2.413319
216 -2.558695
217 -2.720724
218 -2.863251
219 -3.027355
220 -3.178786
221 -3.342410
222 -3.488995
223 -3.658332
224 -3.812404
225 -3.983582
226 -4.168725
227 -4.355722
228 4.099929
229 -0.054509
230 -0.089762
231 -0.096711
232 -0.128266
233 -0.095019
234 -0.080228
235 -0.090530
236 -0.120413
237 -8.133210
238 -8.213692
239 -8.289853
240 -8.361670
241 -8.429119
242 -8.492174
243 -8.550816
244 -8.605024
245 -8.654782
246 -8.700070
247 -8.740874
248 -8.777181
249 -8.808978
250 -8.836254
251 -8.859000
252 -8.877208
253 -8.890872
254 -14.160441
255 -14.166794
256 -14.166808
257 -14.160488
258 -14.147832
259 -8.877282
260 -8.859097
261 -8.836371
262 -8.809117
263 -6.681322
264 -6.553527
265 -6.519464
266 -7.093414
267 -7.049567
268 -8.551082
269 -8.492461
270 -8.429426
271 -8.362000
272 -8.290203
273 -8.214062
274 -8.133601
275 -6.589749
276 -6.443955
277 -6.401375
278 -7.769133
279 -7.667514
280 -7.561762
281 -7.451910
282 0.009041
283 0.022422
284 0.063533
285 0.044483
286 0.059001
287 0.045680
288 0.070712
289 0.106034
290 0.082666
291 0.120336
292 0.106238
293 0.156611
294 0.136692
295 0.233769
296 0.304902
297 0.228203
298 2.925161
299 2.954848
300 0.222644
301 2.455859
302 0.214640
303 0.266956
304 0.275144
305 2.922668
306 3.010230
307 3.042299
308 0.231830
309 0.352637
310 0.516892
311 0.719148
312 0.862738
313 1.026711
314 1.196492
315 1.339647
316 1.487638
317 1.641136
318 1.775148
319 1.923842
320 2.061826
321 2.184348
322 2.315683
323 2.443836
324 2.568095
325 2.697412
326 2.825384
327 2.943692
328 3.060952
329 3.183681
330 3.303914
331 3.421372
332 3.536543
333 3.651337
334 3.765713
335 3.879278
336 3.993631
337 4.104537
338 4.216002
339 4.329689
340 4.440687
341 4.551353
342 4.661933
343 4.772460
344 4.883668
345 4.993482
346 5.101533
347 5.212264
348 5.322694
349 5.433096
350 5.543983
351 5.651833
352 5.761075
353 5.875119
354 5.985713
355 6.099551
356 6.214579
357 6.325156
358 6.445668
359 6.567023
360 6.674437
361 6.804925
362 6.921942
363 7.045551
364 7.161610
365 7.294487
366 7.425569
367 7.549908
368 7.674510
369 7.812325
370 7.944417
371 8.090848
372 8.224293
373 8.389236
374 8.516685
375 8.694151
376 8.846219
377 9.001164
378 9.200512
379 9.341108
380 9.559605
381 9.748047
382 9.940369
383 10.150368
384 10.334336
385 10.554960
386 10.787308
387 10.999671
388 11.195825
389 11.448542
390 11.687939
391 12.004758
392 12.295836
393 12.342028
394 12.310617
395 12.306403
396 12.305558
397 12.308434
398 12.295425
399 12.286387
400 12.270021
401 12.299135
402 12.265581
403 12.227587
404 12.242453
405 12.232697
406 12.225389
407 12.202243
408 12.237433
409 12.235515
410 12.195883
411 12.215774
412 12.201129
413 12.183357
414 12.194489
415 12.202837
416 12.179401
417 12.191827
418 12.191845
419 12.163122
420 12.151134
421 12.156037
422 12.138696
423 12.128521
424 12.122286
425 12.136421
426 12.125021
427 12.091365
428 12.087956
429 12.104923
430 12.080008
431 12.075452
432 12.087892
433 12.097668
434 12.085279
435 12.063821
436 12.055948
437 12.058281
438 12.073865
439 12.045062
440 12.029561
441 12.036613
442 12.031238
443 12.051063
444 12.027229
445 12.046870
446 12.007897
447 12.020988
448 11.997331
449 11.997584
450 11.955709
451 11.958066
452 11.924595
453 11.919732
454 11.933927
455 11.943778
456 0.000000
457 0.000000
458 0.000000
459 0.000000
460 0.000000
461 0.000000
462 0.000000
463 0.000000
464 0.000000
465 0.000000
466 0.000000
467 0.000000
468 0.000000
469 0.000000
470 0.000000
471 0.000000
472 0.000000
473 0.000000
474 0.000000
475 0.000000
476 0.000000
477 0.000000
478 0.000000
479 0.000000
480 0.000000
481 0.000000
482 0.000000
483 0.000000
484 0.000000
485 0.000000
486 0.000000
487 0.000000
488 0.000000
489 0.000000
490 0.000000
491 0.000000
492 0.000000
493 0.000000
494 0.000000
495 0.000000
496 0.000000
497 0.000000
498 0.000000
499 0.000000
