0 -0.088869
1 -2.844331
2 -2.743085
3 -2.667717
4 -2.569935
5 -2.495453
6 -2.398314
7 -2.321953
8 -2.220746
9 -2.127196
10 -2.038750
11 -1.939418
12 -1.835011
13 -1.743091
14 -1.636491
15 -1.521795
16 -1.419220
17 -1.306164
18 -1.187460
19 -1.073597
20 -0.950686
21 -0.820215
22 -0.688000
23 -0.544308
24 -0.384379
25 -0.223062
26 -0.072498
27 0.074537
28 0.215601
29 0.352168
30 0.484821
31 0.612938
32 0.738895
33 0.860046
34 0.978418
35 1.095892
36 1.209890
37 1.323087
38 1.436165
39 1.544938
40 1.645075
41 1.744081
42 1.851174
43 1.944440
44 2.052194
45 2.155587
46 2.246364
47 2.341325
48 2.425681
49 2.523642
50 2.612169
51 2.709578
52 2.798496
53 2.878088
54 2.972214
55 3.049098
56 3.145053
57 3.234885
58 3.319851
59 3.397820
60 3.479432
61 3.567021
62 3.647494
63 3.734384
64 3.828242
65 3.917037
66 3.994035
67 4.069450
68 4.154411
69 4.251829
70 4.336962
71 4.423286
72 4.501289
73 4.580336
74 4.672925
75 4.762088
76 4.855340
77 4.926902
78 5.015342
79 5.084026
80 5.188944
81 5.260334
82 5.355112
83 5.476913
84 5.572793
85 5.659035
86 5.778691
87 5.850977
88 5.971748
89 6.082843
90 6.189947
91 6.274777
92 6.400718
93 6.510369
94 6.612586
95 6.747565
96 6.872086
97 6.954437
98 7.132946
99 7.266068
100 7.436003
101 7.572622
102 7.685056
103 7.918222
104 8.088595
105 8.247399
106 8.407430
107 8.620761
108 8.675097
109 8.592466
110 8.480515
111 8.342557
112 8.234452
113 8.113703
114 8.023071
115 7.913452
116 7.739132
117 7.628021
118 7.508132
119 7.457829
120 7.343416
121 7.259473
122 7.147614
123 7.040398
124 6.998851
125 6.910336
126 6.832773
127 6.762881
128 6.653293
129 6.570513
130 6.498551
131 6.446527
132 6.374063
133 6.281572
134 6.202865
135 6.131635
136 6.043834
137 5.990189
138 5.914084
139 5.824835
140 5.765969
141 5.702404
142 5.631440
143 5.564430
144 5.498459
145 5.379075
146 5.312958
147 5.253035
148 5.183322
149 5.117050
150 5.043862
151 4.974010
152 4.902360
153 4.816833
154 4.739480
155 4.662818
156 4.582159
157 4.508906
158 4.429318
159 4.380424
160 4.294609
161 4.229955
162 4.148543
163 4.077042
164 3.989569
165 3.919060
166 3.831172
167 3.743104
168 3.659899
169 3.567573
170 3.479733
171 3.400475
172 3.313549
173 3.220910
174 3.118677
175 3.030670
176 2.926405
177 2.853470
178 2.746936
179 2.654859
180 2.554353
181 2.459297
182 2.334685
183 2.234452
184 2.127529
185 2.015062
186 1.902304
187 1.782243
188 1.415451
189 1.289162
190 1.165393
191 1.031620
192 0.904092
193 0.780513
194 0.656375
195 0.592078
196 0.437249
197 0.287481
198 0.141051
199 -0.000641
200 -0.138125
201 -0.270586
202 -0.400818
203 -0.526306
204 -0.645219
205 -0.763779
206 -0.880114
207 -0.994193
208 -1.097396
209 -1.211646
210 -1.311868
211 -1.417467
212 -1.518881
213 -1.627313
214 -1.723784
215 -1.813406
216 -1.907168
217 -2.006255
218 -2.096534
219 -2.199165
220 -2.278759
221 -2.376822
222 -2.463801
223 -2.542886
224 -2.642049
225 -2.727788
226 -2.816549
227 -2.900453
228 5.079005
229 -0.155480
230 -0.215158
231 -0.329170
232 -0.400579
233 -0.527460
234 -0.608122
235 -0.745223
236 -0.826216
237 -0.933428
238 -1.064223
239 -1.171976
240 -1.271967
241 -1.427338
242 -1.543393
243 -1.638662
244 -1.802660
245 -1.939481
246 -2.068106
247 -2.253191
248 -2.417083
249 -2.562731
250 -2.738854
251 -2.847380
252 -2.753628
253 -2.542127
254 -2.435783
255 -2.257756
256 -2.136111
257 -2.011935
258 -1.898461
259 -1.776130
260 -1.677774
261 -1.564216
262 -1.458427
263 -1.370189
264 -1.276763
265 -1.194404
266 -1.123061
267 -1.040215
268 -0.930076
269 -0.828024
270 -0.765643
271 -0.660562
272 -0.610508
273 -0.549241
274 -0.455336
275 -0.378568
276 -0.278993
277 -0.217640
278 -0.136632
279 -0.078115
280 -0.003169
281 0.087776
282 0.147930
283 0.238385
284 0.292976
285 0.357742
286 0.429602
287 0.511074
288 0.585576
289 0.650702
290 0.725307
291 0.790829
292 0.847685
293 0.911462
294 0.989376
295 1.068573
296 1.136993
297 1.192856
298 1.262455
299 1.331459
300 1.408923
301 1.485663
302 1.551060
303 1.620618
304 1.688026
305 1.773613
306 1.846847
307 1.935449
308 1.999317
309 2.087569
310 2.161445
311 2.220594
312 2.298015
313 2.382680
314 2.450844
315 2.546324
316 2.618916
317 2.699136
318 2.783820
319 2.880459
320 2.962205
321 3.053547
322 3.150299
323 3.238427
324 3.333730
325 3.445048
326 3.531428
327 3.635193
328 3.734063
329 3.845608
330 3.966106
331 4.067978
332 4.187912
333 4.315045
334 4.447187
335 4.578958
336 4.731943
337 4.895863
338 5.057805
339 5.216160
340 5.368849
341 5.517420
342 5.662274
343 5.803122
344 5.936252
345 6.068226
346 6.195632
347 6.327137
348 6.448720
349 6.571357
350 6.686780
351 6.799694
352 6.923262
353 7.035466
354 7.148079
355 7.260924
356 7.360846
357 7.466055
358 7.572961
359 7.685472
360 7.789944
361 7.885325
362 7.984350
363 8.085219
364 8.177507
365 8.284459
366 8.380051
367 8.467694
368 8.570405
369 8.670331
370 8.765599
371 8.862808
372 8.960451
373 9.021927
374 9.117917
375 9.218478
376 9.312116
377 9.408515
378 9.499617
379 9.593605
380 9.686383
381 9.766840
382 9.854614
383 9.943295
384 10.028291
385 10.121378
386 10.208449
387 10.331188
388 10.413590
389 10.522485
390 10.612573
391 10.717093
392 10.802112
393 10.912599
394 11.000474
395 11.089707
396 11.188726
397 11.275284
398 11.371779
399 11.487168
400 11.592887
401 11.691549
402 11.774040
403 11.890737
404 11.976167
405 12.141925
406 12.233732
407 12.370073
408 12.492879
409 12.642376
410 12.709116
411 12.865196
412 13.013654
413 13.157455
414 13.318833
415 13.468981
416 12.327456
417 12.349928
418 12.389542
419 12.358603
420 12.367485
421 12.416471
422 12.476316
423 13.627980
424 13.510496
425 13.419637
426 13.234154
427 13.170689
428 13.052197
429 12.918184
430 12.817899
431 12.702303
432 12.561780
433 12.455166
434 12.356357
435 12.262130
436 12.124118
437 12.061796
438 11.943100
439 11.861236
440 11.771346
441 11.714640
442 11.621535
443 11.514521
444 11.428040
445 11.361753
446 11.275471
447 11.224357
448 11.120142
449 11.062850
450 10.983089
451 10.890266
452 10.840123
453 10.765076
454 10.697266
455 10.622333
456 0.000000
457 0.000000
458 0.000000
459 0.000000
460 0.000000
461 0.000000
462 0.000000
463 0.000000
464 0.000000
465 0.000000
466 0.000000
467 0.000000
468 0.000000
469 0.000000
470 0.000000
471 0.000000
472 0.000000
473 0.000000
474 0.000000
475 0.000000
476 0.000000
477 0.000000
478 0.000000
479 0.000000
480 0.000000
481 0.000000
482 0.000000
483 0.000000
484 0.000000
485 0.000000
486 0.000000
487 0.000000
488 0.000000
489 0.000000
490 0.000000
491 0.000000
492 0.000000
493 0.000000
494 0.000000
495 0.000000
496 0.000000
497 0.000000
498 0.000000
499 0.000000
